   2   1   1 E -1.1980527957579E+04 DE-1.2E-09( 18)
  0.590975281598E+01  0.000000000000E+00  0.000000000000E+00
  0.000000000000E+00  0.650306538029E+01  0.000000000000E+00
  0.000000000000E+00  0.000000000000E+00  0.500000000000E+03
  8
  0.100000000000E+01  0.000000000000E+00  0.000000000000E+00
  0.000000000000E+00  0.100000000000E+01  0.000000000000E+00
  0.000000000000E+00  0.000000000000E+00  0.100000000000E+01
  0.000000000000E+00  0.000000000000E+00  0.000000000000E+00
  0.100000000000E+01  0.000000000000E+00  0.000000000000E+00
  0.000000000000E+00 -0.100000000000E+01 -0.699239795569E-16
  0.000000000000E+00 -0.762409094340E-17 -0.100000000000E+01
  0.000000000000E+00  0.000000000000E+00  0.000000000000E+00
 -0.100000000000E+01  0.000000000000E+00  0.000000000000E+00
  0.000000000000E+00  0.100000000000E+01  0.341214253196E-15
  0.000000000000E+00  0.762409094340E-17 -0.100000000000E+01
  0.000000000000E+00  0.000000000000E+00  0.000000000000E+00
 -0.100000000000E+01  0.000000000000E+00  0.000000000000E+00
  0.000000000000E+00 -0.100000000000E+01 -0.341214253196E-15
  0.000000000000E+00 -0.762409094340E-17  0.100000000000E+01
  0.000000000000E+00  0.000000000000E+00  0.000000000000E+00
 -0.100000000000E+01  0.000000000000E+00  0.000000000000E+00
  0.000000000000E+00 -0.100000000000E+01 -0.699239795569E-16
  0.000000000000E+00 -0.762409094340E-17 -0.100000000000E+01
  0.000000000000E+00  0.000000000000E+00  0.000000000000E+00
 -0.100000000000E+01  0.000000000000E+00  0.000000000000E+00
  0.000000000000E+00  0.100000000000E+01  0.699239795569E-16
  0.000000000000E+00  0.762409094340E-17  0.100000000000E+01
  0.000000000000E+00  0.000000000000E+00  0.000000000000E+00
  0.100000000000E+01  0.000000000000E+00  0.000000000000E+00
  0.000000000000E+00 -0.100000000000E+01 -0.341214253196E-15
  0.000000000000E+00 -0.762409094340E-17  0.100000000000E+01
  0.000000000000E+00  0.000000000000E+00  0.000000000000E+00
  0.100000000000E+01  0.000000000000E+00  0.000000000000E+00
  0.000000000000E+00  0.100000000000E+01  0.341214253196E-15
  0.000000000000E+00  0.762409094340E-17 -0.100000000000E+01
  0.000000000000E+00  0.000000000000E+00  0.000000000000E+00
 14
    8      0.000000000000      0.000000000000      4.432457801093
    8      2.954876407992      0.000000000000      4.432477313629
   22      0.000000000000      3.251532690144      3.120904027079
   22      2.954876407992      3.251532690144      3.120907233788
   22     -1.477443307323      0.000000000000      3.375470402770
    8     -1.477444073912     -2.060340009799      3.392188176100
    8      0.000000000000      0.000000000000      1.937140741989
    8      2.954876407992      0.000000000000      1.937190520821
    8      0.000000000000      3.251532690144      1.269837359311
    8      2.954876407992      3.251532690144      1.269826643925
   22      0.000000000000      0.000000000000      0.000000000000
   22      2.954876407992      0.000000000000      0.000000000000
   22     -1.477449064844      3.251532690144      0.000000000000
    8     -1.477465426449      1.318586150097      0.000000000000
