TiO2 Slab 3x1 optimized with HF-TVAE**
SLAB
 37
 8.8681     6.5066
 19
  8     0.0000  0.5000  4.4297
  8     0.3333  0.5000  4.4297
122     0.0000  0.0000  3.1216
 22     0.3333  0.0000  3.1216
 22    -0.1667  0.5000  3.3764
 22    -0.5000  0.5000  3.3764
108    -0.1667  0.1831  3.3936
  8    -0.5000  0.1831  3.3936
  8     0.0000  0.5000  1.9384
  8     0.3333  0.5000  1.9384
  8     0.0000  0.0000  1.2700
  8     0.3333  0.0000  1.2700
 22     0.0000  0.5000  0.0000
 22     0.3333  0.5000  0.0000
 22    -0.1667  0.0000  0.0000
 22    -0.5000  0.0000  0.0000
  8    -0.1667  0.7026  0.0000
  8    -0.5000  0.7026  0.0000
  2     0.0000  0.0000  6.3216
END
2 9
0 0 4 2.0 1.0
   234.00000  0.002587
    35.16000  0.019533
     7.98900  0.090998
     2.21200  0.272050
0 0 1 0.0 1.0
     0.66690  1.000000
0 0 1 0.0 1.0
     0.20890  1.000000
0 0 1 0.0 1.0
     0.05138  1.000000
0 2 1 0.0 1.0
     3.04400  1.000000
0 2 1 0.0 1.0
     0.75800  1.000000
0 2 1 0.0 1.0
     0.19930  1.000000
0 3 1 0.0 1.0
     1.96500  1.000000
0 3 1 0.0 1.0
     0.45920  1.000000
8 5
0 0 8 2.0 1.0
  8020.00000  0.00108
  1338.00000  0.00804
   255.40000  0.05324
    69.22000  0.16810
    23.90000  0.35810
     9.26400  0.38550
     3.85100  0.14680
     1.21200  0.07280
0 1 4 7.0 1.0
     49.4300 -0.00883  0.00958
     10.4700 -0.09150  0.06960
     3.23500 -0.04020  0.20650
     1.21700  0.37900  0.34700
0 1 1 0.0 1.0
     0.45670  1.00000  1.00000
0 1 1 0.0 1.0
     0.18430  1.00000  1.00000
0 3 1 0.0 1.0
     0.60000  1.00000  1.00000
22 7
0  0  8  2.0  1.0
225338.00000  0.000228
 32315.00000  0.001929
  6883.61000  0.011100
  1802.14000  0.050000
   543.06300  0.170100
   187.54900  0.369000
    73.21330  0.403300
    30.37180  0.144500
0 1 6 8.0 1.0
   554.04200 -0.005900  0.0085
   132.52500 -0.068300  0.0603
    43.68010 -0.124500  0.2124
    17.22430  0.253200  0.3902
     7.22480  0.626100  0.4097
     2.41170  0.282000  0.2181
0 1 4 8.0 1.0
    24.49750  0.017500 -0.0207
    11.47720 -0.227700 -0.0653
     4.46530 -0.794600  0.1919
     1.89040  1.010700  1.3778
0 1 1 0.0 1.0
     0.81260  1.000000  1.0000
0 1 1 0.0 1.0
     0.32970  1.000000  1.0000
0 3 4 2.0 1.0
    16.26850  0.0675
     4.37190  0.2934
     1.46400  0.5658
     0.54850  0.5450
0 3 1 0.0 1.0
     0.26000  1.0000
108 7
0 0 8 2.0 1.0
  8020.00000  0.00108
  1338.00000  0.00804
   255.40000  0.05324
    69.22000  0.16810
    23.90000  0.35810
     9.26400  0.38550
     3.85100  0.14680
     1.21200  0.07280
0 1 4 7.0 1.0
     49.4300 -0.00883  0.00958
     10.4700 -0.09150  0.06960
     3.23500 -0.04020  0.20650
     1.21700  0.37900  0.34700
0 1 1 0.0 1.0
     0.45670  1.00000  1.00000
0 1 1 0.0 1.0
     0.18430  1.00000  1.00000
0 1 1 0.0 1.0
     $VAR1  1.00000  1.00000
0 3 1 0.0 1.0
     0.60000  1.00000  1.00000
0 3 1 0.0 1.0
     $VAR2  1.00000  1.00000
122 8
0  0  8  2.0  1.0
225338.00000  0.000228
 32315.00000  0.001929
  6883.61000  0.011100
  1802.14000  0.050000
   543.06300  0.170100
   187.54900  0.369000
    73.21330  0.403300
    30.37180  0.144500
0 1 6 8.0 1.0
   554.04200 -0.005900  0.0085
   132.52500 -0.068300  0.0603
    43.68010 -0.124500  0.2124
    17.22430  0.253200  0.3902
     7.22480  0.626100  0.4097
     2.41170  0.282000  0.2181
0 1 4 8.0 1.0
    24.49750  0.017500 -0.0207
    11.47720 -0.227700 -0.0653
     4.46530 -0.794600  0.1919
     1.89040  1.010700  1.3778
0 1 1 0.0 1.0
     0.81260  1.000000  1.0000
0 1 1 0.0 1.0
     0.32970  1.000000  1.0000
0 3 4 2.0 1.0
    16.26850  0.0675
     4.37190  0.2934
     1.46400  0.5658
     0.54850  0.5450
0 3 1 0.0 1.0
     0.26000  1.0000
0 3 1 0.0 1.0
     $VAR3  1.0000
99 0
KEEPSYMM
END
DFT
EXCHANGE
PBE
CORRELAT
PBE
XLGRID
END
SCFDIR
TOLINTEG
 12 12 12 20 50
BIPOLAR
 16 30
SHRINK
4 4
FMIXING
 80
BROYDEN
 0.1 20 -1
LEVSHIFT
 5 1
MAXCYCLE
100
EXCHSIZE
20000000
BIPOSIZE
20000000
TOLDEE
7
PPAN
END
