! Basis 6-311+G(d) for Li from GAUSSIAN09
 $basLi
   S   6
     1       0.9004600000D+03  0.2287040374D-02
     2       0.1344330000D+03  0.1763500289D-01
     3       0.3043650000D+02  0.8734341430D-01
     4       0.8626390000D+01  0.2809770460D+00
     5       0.2483320000D+01  0.6587411078D+00
     6       0.3031790000D+00  0.1187120194D+00
   L   3
     1       0.4868900000D+01  0.9332929951D-01  0.3276609658D-01
     2       0.8569240000D+00  0.9430449951D+00  0.1597919833D+00
     3       0.2432270000D+00 -0.2798269985D-02  0.8856669076D+00
   L   1
     1       0.6350700000D-01  0.1000000000D+01  0.1000000000D+01
   L   1
     1       0.2436830000D-01  0.1000000000D+01  0.1000000000D+01
   L   1
     1       0.7400000000D-02  0.1000000000D+01  0.1000000000D+01
   D   1
     1       0.2000000000D+00  0.1000000000D+01

 $end
! Basis 6-311+G(d) for Be from GAUSSIAN09
 $basBe
   S   6
     1       0.1682800000D+04  0.2285740532D-02
     2       0.2517150000D+03  0.1759380410D-01
     3       0.5741160000D+02  0.8633152009D-01
     4       0.1651710000D+02  0.2818350656D+00
     5       0.4853640000D+01  0.6405941491D+00
     6       0.6268630000D+00  0.1444670336D+00
   L   3
     1       0.8309380000D+01  0.1086210323D+00  0.3613440323D-01
     2       0.1740750000D+01  0.9273012759D+00  0.2169580194D+00
     3       0.4858160000D+00 -0.2971690884D-02  0.8418390753D+00
   L   1
     1       0.1636130000D+00  0.1000000000D+01  0.1000000000D+01
   L   1
     1       0.5672850000D-01  0.1000000000D+01  0.1000000000D+01
   L   1
     1       0.2070000000D-01  0.1000000000D+01  0.1000000000D+01
   D   1
     1       0.2550000000D+00  0.1000000000D+01

 $end
! Basis 6-311+G(d) for Na from GAUSSIAN09
 $basNa
   S   6
     1       0.3616640000D+05  0.1032000455D-02
     2       0.5372580000D+04  0.8071003557D-02
     3       0.1213210000D+04  0.4212901857D-01
     4       0.3396230000D+03  0.1697890748D+00
     5       0.1095530000D+03  0.5146212268D+00
     6       0.3877730000D+02  0.3798171674D+00
   S   3
     1       0.3877730000D+02  0.3747618096D+00
     2       0.1457590000D+02  0.5757687076D+00
     3       0.5269930000D+01  0.1129329426D+00
   S   1
     1       0.1827770000D+01  0.1000000000D+01
   S   1
     1       0.6199480000D+00  0.1000000000D+01
   S   1
     1       0.5724000000D-01  0.1000000000D+01
   S   1
     1       0.2404800000D-01  0.1000000000D+01
   L   1
     1       0.7600000000D-02  0.1000000000D+01  0.1000000000D+01
   P   4
     1       0.1446450000D+03  0.1148500160D-01
     2       0.3390740000D+02  0.8238301148D-01
     3       0.1062850000D+02  0.3196580445D+00
     4       0.3823890000D+01  0.7012950977D+00
   P   2
     1       0.1444290000D+01  0.6385061213D+00
     2       0.5526210000D+00  0.4253650808D+00
   P   1
     1       0.1887200000D+00  0.1000000000D+01
   P   1
     1       0.4650100000D-01  0.1000000000D+01
   P   1
     1       0.1628500000D-01  0.1000000000D+01
   D   1
     1       0.1750000000D+00  0.1000000000D+01

 $end
! Basis 6-311+G(d) for Mg from GAUSSIAN09
 $basMg
   S   6
     1       0.4386650000D+05  0.9179994236D-03
     2       0.6605370000D+04  0.7046995575D-02
     3       0.1513260000D+04  0.3594097743D-01
     4       0.4323170000D+03  0.1414609112D+00
     5       0.1421490000D+03  0.4267637320D+00
     6       0.5139830000D+02  0.4979746873D+00
   S   3
     1       0.5139830000D+02  0.2513549844D+00
     2       0.1991960000D+02  0.6186709616D+00
     3       0.8024740000D+01  0.1884169883D+00
   S   1
     1       0.2508170000D+01  0.1000000000D+01
   S   1
     1       0.8715310000D+00  0.1000000000D+01
   S   1
     1       0.1081880000D+00  0.1000000000D+01
   S   1
     1       0.4013000000D-01  0.1000000000D+01
   L   1
     1       0.1460000000D-01  0.1000000000D+01  0.1000000000D+01
   P   4
     1       0.1938540000D+03  0.1018799728D-01
     2       0.4544200000D+02  0.7535997987D-01
     3       0.1418640000D+02  0.3074189179D+00
     4       0.5057510000D+01  0.7175748083D+00
   P   2
     1       0.1888610000D+01  0.6673390244D+00
     2       0.7226520000D+00  0.3946490144D+00
   P   1
     1       0.2364170000D+00  0.1000000000D+01
   P   1
     1       0.9335800000D-01  0.1000000000D+01
   P   1
     1       0.3480900000D-01  0.1000000000D+01
   D   1
     1       0.1750000000D+00  0.1000000000D+01

 $end
! Basis 6-311+G(d) for K from GAUSSIAN09
 $basK
   S   6
     1       0.1825940000D+06  0.5259243492D-03
     2       0.2736900000D+05  0.4079056016D-02
     3       0.6229170000D+04  0.2123346790D-01
     4       0.1764580000D+04  0.8649312215D-01
     5       0.5770510000D+03  0.2818321962D+00
     6       0.2102490000D+03  0.6904421185D+00
   S   2
     1       0.8261780000D+02  0.6015190014D+00
     2       0.3323320000D+02  0.4343202752D+00
   S   1
     1       0.8106490000D+01  0.1000000000D+01
   S   1
     1       0.3334030000D+01  0.1000000000D+01
   S   1
     1       0.8455440000D+00  0.1000000000D+01
   S   1
     1       0.3282160000D+00  0.1000000000D+01
   S   1
     1       0.3640350000D-01  0.1000000000D+01
   S   1
     1       0.1764630000D-01  0.1000000000D+01
   L   1
     1       0.4700000000D-02  0.1000000000D+01  0.1000000000D+01
   P   3
     1       0.8910540000D+03  0.2293508549D-01
     2       0.2110160000D+03  0.1846858760D+00
     3       0.6767140000D+02  0.8586652658D+00
   P   3
     1       0.2527150000D+02  0.2638000968D+00
     2       0.1013900000D+02  0.4660379605D+00
     3       0.4201860000D+01  0.3891420836D+00
   P   1
     1       0.1625070000D+01  0.1000000000D+01
   P   1
     1       0.6437700000D+00  0.1000000000D+01
   P   1
     1       0.2461300000D+00  0.1000000000D+01
   P   1
     1       0.4544000000D-01  0.1000000000D+01
   P   1
     1       0.1616000000D-01  0.1000000000D+01
   D   3
     1       0.1337000000D+02  0.6259184446D-01
     2       0.3421000000D+01  0.3107230636D+00
     3       0.1063000000D+01  0.7736079120D+00
   D   1
     1       0.2290000000D+00  0.1000000000D+01

 $end
! Basis 6-311+G(d) for Ca from GAUSSIAN09
 $basCa
   S   6
     1       0.2026990000D+06  0.5269920678D-03
     2       0.3038250000D+05  0.4087376988D-02
     3       0.6915080000D+04  0.2127751391D-01
     4       0.1959020000D+04  0.8667204763D-01
     5       0.6409360000D+03  0.2822344541D+00
     6       0.2339770000D+03  0.6897501847D+00
   S   2
     1       0.9228920000D+02  0.5977186729D+00
     2       0.3725450000D+02  0.4379457071D+00
   S   1
     1       0.9131980000D+01  0.1000000000D+01
   S   1
     1       0.3817790000D+01  0.1000000000D+01
   S   1
     1       0.1049350000D+01  0.1000000000D+01
   S   1
     1       0.4286600000D+00  0.1000000000D+01
   S   1
     1       0.6282260000D-01  0.1000000000D+01
   S   1
     1       0.2601620000D-01  0.1000000000D+01
   L   1
     1       0.7100000000D-02  0.1000000000D+01  0.1000000000D+01
   P   3
     1       0.1019760000D+04  0.2275735688D-01
     2       0.2415960000D+03  0.1839504955D+00
     3       0.7763700000D+02  0.8591441916D+00
   P   3
     1       0.2911540000D+02  0.2592508519D+00
     2       0.1176260000D+02  0.4637859070D+00
     3       0.4922890000D+01  0.3938252946D+00
   P   1
     1       0.1906450000D+01  0.1000000000D+01
   P   1
     1       0.7369000000D+00  0.1000000000D+01
   P   1
     1       0.2764200000D+00  0.1000000000D+01
   P   1
     1       0.6027000000D-01  0.1000000000D+01
   P   1
     1       0.1791000000D-01  0.1000000000D+01
   D   3
     1       0.1508000000D+02  0.6622122194D-01
     2       0.3926000000D+01  0.3191639365D+00
     3       0.1233000000D+01  0.7637408846D+00
   D   1
     1       0.2600000000D+00  0.1000000000D+01

 $end
! Basis 6-311+G(d) for Sc from GAUSSIAN09
 $basSc
   S   6
     1       0.1889610000D+06  0.5752436902D-03
     2       0.2849140000D+05  0.4440881288D-02
     3       0.6572430000D+04  0.2254955266D-01
     4       0.1881030000D+04  0.9065840557D-01
     5       0.6179790000D+03  0.2883581570D+00
     6       0.2251270000D+03  0.6805593050D+00
   S   1
     1       0.8856640000D+02  0.1000000000D+01
   S   1
     1       0.3658190000D+02  0.1000000000D+01
   S   1
     1       0.1103580000D+02  0.1000000000D+01
   S   1
     1       0.4490630000D+01  0.1000000000D+01
   S   1
     1       0.1129350000D+01  0.1000000000D+01
   S   1
     1       0.4546130000D+00  0.1000000000D+01
   S   1
     1       0.7753300000D-01  0.1000000000D+01
   S   1
     1       0.3079000000D-01  0.1000000000D+01
   S   1
     1       0.9237000000D-02  0.1000000000D+01
   P   5
     1       0.1113820000D+04  0.3262255131D-02
     2       0.2662440000D+03  0.2580546211D-01
     3       0.8657630000D+02  0.1188309347D+00
     4       0.3259340000D+02  0.3516798805D+00
     5       0.1321900000D+02  0.6219789301D+00
   P   1
     1       0.5583570000D+01  0.1000000000D+01
   P   1
     1       0.2185940000D+01  0.1000000000D+01
   P   1
     1       0.8950110000D+00  0.1000000000D+01
   P   1
     1       0.3519750000D+00  0.1000000000D+01
   P   1
     1       0.8974800000D-01  0.1000000000D+01
   P   1
     1       0.3103200000D-01  0.1000000000D+01
   D   3
     1       0.2242830000D+02  0.5382376131D-01
     2       0.6034790000D+01  0.2843101859D+00
     3       0.1979050000D+01  0.7895744574D+00
   D   1
     1       0.6667500000D+00  0.1000000000D+01
   D   1
     1       0.2182310000D+00  0.1000000000D+01
   D   1
     1       0.5880000000D-01  0.1000000000D+01
   F   1
     1       0.6000000000D+00  0.1000000000D+01

 $end
! Basis 6-311+G(d) for Ti from GAUSSIAN09
 $basTi
   S   6
     1       0.2060820000D+06  0.5673151380D-03
     2       0.3122680000D+05  0.4379672866D-02
     3       0.7199320000D+04  0.2242029425D-01
     4       0.2048750000D+04  0.9063426645D-01
     5       0.6707900000D+03  0.2890357165D+00
     6       0.2436500000D+03  0.6803470061D+00
   S   1
     1       0.9592500000D+02  0.1000000000D+01
   S   1
     1       0.3981010000D+02  0.1000000000D+01
   S   1
     1       0.1222050000D+02  0.1000000000D+01
   S   1
     1       0.5008820000D+01  0.1000000000D+01
   S   1
     1       0.1285690000D+01  0.1000000000D+01
   S   1
     1       0.5128060000D+00  0.1000000000D+01
   S   1
     1       0.8557600000D-01  0.1000000000D+01
   S   1
     1       0.3330200000D-01  0.1000000000D+01
   S   1
     1       0.9991000000D-02  0.1000000000D+01
   P   5
     1       0.1264700000D+04  0.3122017423D-02
     2       0.3012300000D+03  0.2516579464D-01
     3       0.9697770000D+02  0.1184178291D+00
     4       0.3637270000D+02  0.3522190030D+00
     5       0.1478140000D+02  0.6219379661D+00
   P   1
     1       0.6274650000D+01  0.1000000000D+01
   P   1
     1       0.2478780000D+01  0.1000000000D+01
   P   1
     1       0.1016180000D+01  0.1000000000D+01
   P   1
     1       0.3981620000D+00  0.1000000000D+01
   P   1
     1       0.1015610000D+00  0.1000000000D+01
   P   1
     1       0.3405400000D-01  0.1000000000D+01
   D   3
     1       0.2599240000D+02  0.5411706153D-01
     2       0.7086340000D+01  0.2873032281D+00
     3       0.2348710000D+01  0.7854540223D+00
   D   1
     1       0.8001980000D+00  0.1000000000D+01
   D   1
     1       0.2620490000D+00  0.1000000000D+01
   D   1
     1       0.7200000000D-01  0.1000000000D+01
   F   1
     1       0.6900000000D+00  0.1000000000D+01

 $end
! Basis 6-311+G(d) for V from GAUSSIAN09
 $basV
   S   6
     1       0.2268780000D+06  0.5597979051D-03
     2       0.3389960000D+05  0.4411207493D-02
     3       0.7720240000D+04  0.2277257878D-01
     4       0.2191530000D+04  0.9176207261D-01
     5       0.7191690000D+03  0.2906470724D+00
     6       0.2620860000D+03  0.6775569925D+00
   S   1
     1       0.1036530000D+03  0.1000000000D+01
   S   1
     1       0.4325480000D+02  0.1000000000D+01
   S   1
     1       0.1350880000D+02  0.1000000000D+01
   S   1
     1       0.5567150000D+01  0.1000000000D+01
   S   1
     1       0.1451740000D+01  0.1000000000D+01
   S   1
     1       0.5744450000D+00  0.1000000000D+01
   S   1
     1       0.9282000000D-01  0.1000000000D+01
   S   1
     1       0.3553200000D-01  0.1000000000D+01
   S   1
     1       0.1066000000D-01  0.1000000000D+01
   P   5
     1       0.1398430000D+04  0.3120006131D-02
     2       0.3315710000D+03  0.2529537681D-01
     3       0.1070020000D+03  0.1185019151D+00
     4       0.4031830000D+02  0.3518025604D+00
     5       0.1646350000D+02  0.6214060809D+00
   P   1
     1       0.7023520000D+01  0.1000000000D+01
   P   1
     1       0.2790250000D+01  0.1000000000D+01
   P   1
     1       0.1146090000D+01  0.1000000000D+01
   P   1
     1       0.4472720000D+00  0.1000000000D+01
   P   1
     1       0.1112480000D+00  0.1000000000D+01
   P   1
     1       0.3637800000D-01  0.1000000000D+01
   D   3
     1       0.3022120000D+02  0.5345792114D-01
     2       0.8272180000D+01  0.2884372767D+00
     3       0.2758230000D+01  0.7838768120D+00
   D   1
     1       0.9421370000D+00  0.1000000000D+01
   D   1
     1       0.3052980000D+00  0.1000000000D+01
   D   1
     1       0.8200000000D-01  0.1000000000D+01
   F   1
     1       0.7800000000D+00  0.1000000000D+01

 $end
! Basis 6-311+G(d) for Cr from GAUSSIAN09
 $basCr
   S   6
     1       0.2366580000D+06  0.5899542392D-03
     2       0.3536400000D+05  0.4544832657D-02
     3       0.8058310000D+04  0.2340151815D-01
     4       0.2294230000D+04  0.9360607261D-01
     5       0.7561180000D+03  0.2932291070D+00
     6       0.2770000000D+03  0.6729411355D+00
   S   1
     1       0.1101790000D+03  0.1000000000D+01
   S   1
     1       0.4637100000D+02  0.1000000000D+01
   S   1
     1       0.1482150000D+02  0.1000000000D+01
   S   1
     1       0.6132620000D+01  0.1000000000D+01
   S   1
     1       0.1629590000D+01  0.1000000000D+01
   S   1
     1       0.6411770000D+00  0.1000000000D+01
   S   1
     1       0.9951100000D-01  0.1000000000D+01
   S   1
     1       0.3758300000D-01  0.1000000000D+01
   S   1
     1       0.1127500000D-01  0.1000000000D+01
   P   5
     1       0.1478770000D+04  0.3274109208D-02
     2       0.3514900000D+03  0.2636519520D-01
     3       0.1138260000D+03  0.1221041693D+00
     4       0.4315670000D+02  0.3555711320D+00
     5       0.1777750000D+02  0.6134359523D+00
   P   1
     1       0.7661280000D+01  0.1000000000D+01
   P   1
     1       0.3077650000D+01  0.1000000000D+01
   P   1
     1       0.1266190000D+01  0.1000000000D+01
   P   1
     1       0.4935340000D+00  0.1000000000D+01
   P   1
     1       0.1206750000D+00  0.1000000000D+01
   P   1
     1       0.3861000000D-01  0.1000000000D+01
   D   3
     1       0.3402210000D+02  0.5369812984D-01
     2       0.9431610000D+01  0.2898038244D+00
     3       0.3159180000D+01  0.7818752178D+00
   D   1
     1       0.1079950000D+01  0.1000000000D+01
   D   1
     1       0.3465820000D+00  0.1000000000D+01
   D   1
     1       0.9120000000D-01  0.1000000000D+01
   F   1
     1       0.8700000000D+00  0.1000000000D+01

 $end
! Basis 6-311+G(d) for Mn from GAUSSIAN09
 $basMn
   S   6
     1       0.2436940000D+06  0.6135879887D-03
     2       0.3599500000D+05  0.4760596464D-02
     3       0.8223560000D+04  0.2437425390D-01
     4       0.2353120000D+04  0.9646026346D-01
     5       0.7809650000D+03  0.2970400611D+00
     6       0.2885190000D+03  0.6658910752D+00
   S   1
     1       0.1157010000D+03  0.1000000000D+01
   S   1
     1       0.4911750000D+02  0.1000000000D+01
   S   1
     1       0.1608850000D+02  0.1000000000D+01
   S   1
     1       0.6704300000D+01  0.1000000000D+01
   S   1
     1       0.1805170000D+01  0.1000000000D+01
   S   1
     1       0.7030110000D+00  0.1000000000D+01
   S   1
     1       0.1063850000D+00  0.1000000000D+01
   S   1
     1       0.3961600000D-01  0.1000000000D+01
   S   1
     1       0.1188500000D-01  0.1000000000D+01
   P   5
     1       0.1500390000D+04  0.3595830065D-02
     2       0.3588000000D+03  0.2854364330D-01
     3       0.1166990000D+03  0.1295195690D+00
     4       0.4461320000D+02  0.3634018337D+00
     5       0.1859850000D+02  0.5977579676D+00
   P   1
     1       0.8137780000D+01  0.1000000000D+01
   P   1
     1       0.3337340000D+01  0.1000000000D+01
   P   1
     1       0.1378950000D+01  0.1000000000D+01
   P   1
     1       0.5386390000D+00  0.1000000000D+01
   P   1
     1       0.1276500000D+00  0.1000000000D+01
   P   1
     1       0.4028000000D-01  0.1000000000D+01
   D   3
     1       0.3789770000D+02  0.5409927946D-01
     2       0.1052010000D+02  0.2935823497D+00
     3       0.3537640000D+01  0.7780954067D+00
   D   1
     1       0.1212170000D+01  0.1000000000D+01
   D   1
     1       0.3879120000D+00  0.1000000000D+01
   D   1
     1       0.1054000000D+00  0.1000000000D+01
   F   1
     1       0.9600000000D+00  0.1000000000D+01

 $end
! Basis 6-311+G(d) for Fe from GAUSSIAN09
 $basFe
   S   6
     1       0.2575390000D+06  0.6141471350D-03
     2       0.3863690000D+05  0.4786112155D-02
     3       0.8891440000D+04  0.2439646550D-01
     4       0.2544010000D+04  0.9669640753D-01
     5       0.8447770000D+03  0.2972260358D+00
     6       0.3125270000D+03  0.6653966545D+00
   S   1
     1       0.1255930000D+03  0.1000000000D+01
   S   1
     1       0.5349870000D+02  0.1000000000D+01
   S   1
     1       0.1771510000D+02  0.1000000000D+01
   S   1
     1       0.7376770000D+01  0.1000000000D+01
   S   1
     1       0.2018470000D+01  0.1000000000D+01
   S   1
     1       0.7799350000D+00  0.1000000000D+01
   S   1
     1       0.1142200000D+00  0.1000000000D+01
   S   1
     1       0.4188900000D-01  0.1000000000D+01
   S   1
     1       0.1256700000D-01  0.1000000000D+01
   P   5
     1       0.1678400000D+04  0.3477490211D-02
     2       0.3963920000D+03  0.2814113564D-01
     3       0.1285880000D+03  0.1284716163D+00
     4       0.4911580000D+02  0.3629857352D+00
     5       0.2050350000D+02  0.5989522998D+00
   P   1
     1       0.8987120000D+01  0.1000000000D+01
   P   1
     1       0.3682490000D+01  0.1000000000D+01
   P   1
     1       0.1521750000D+01  0.1000000000D+01
   P   1
     1       0.5926840000D+00  0.1000000000D+01
   P   1
     1       0.1349150000D+00  0.1000000000D+01
   P   1
     1       0.4184300000D-01  0.1000000000D+01
   D   3
     1       0.4145260000D+02  0.5499267257D-01
     2       0.1154030000D+02  0.2984190189D+00
     3       0.3885430000D+01  0.7735986352D+00
   D   1
     1       0.1323800000D+01  0.1000000000D+01
   D   1
     1       0.4166800000D+00  0.1000000000D+01
   D   1
     1       0.1133000000D+00  0.1000000000D+01
   F   1
     1       0.1050000000D+01  0.1000000000D+01

 $end
! Basis 6-311+G(d) for Co from GAUSSIAN09
 $basCo
   S   6
     1       0.2709910000D+06  0.6356283010D-03
     2       0.3973480000D+05  0.4962001576D-02
     3       0.9057460000D+04  0.2538412376D-01
     4       0.2598210000D+04  0.9942456877D-01
     5       0.8682000000D+03  0.3008367236D+00
     6       0.3234310000D+03  0.6587364654D+00
   S   1
     1       0.1308600000D+03  0.1000000000D+01
   S   1
     1       0.5612190000D+02  0.1000000000D+01
   S   1
     1       0.1892190000D+02  0.1000000000D+01
   S   1
     1       0.7952380000D+01  0.1000000000D+01
   S   1
     1       0.2197540000D+01  0.1000000000D+01
   S   1
     1       0.8467130000D+00  0.1000000000D+01
   S   1
     1       0.1222660000D+00  0.1000000000D+01
   S   1
     1       0.4417200000D-01  0.1000000000D+01
   S   1
     1       0.1325200000D-01  0.1000000000D+01
   P   5
     1       0.1636210000D+04  0.3956796149D-02
     2       0.3909030000D+03  0.3122660745D-01
     3       0.1278840000D+03  0.1382606168D+00
     4       0.4924130000D+02  0.3736766201D+00
     5       0.2075120000D+02  0.5783873506D+00
   P   1
     1       0.9203680000D+01  0.1000000000D+01
   P   1
     1       0.3817790000D+01  0.1000000000D+01
   P   1
     1       0.1587620000D+01  0.1000000000D+01
   P   1
     1       0.6246600000D+00  0.1000000000D+01
   P   1
     1       0.1413080000D+00  0.1000000000D+01
   P   1
     1       0.4340200000D-01  0.1000000000D+01
   D   3
     1       0.4497740000D+02  0.5618303902D-01
     2       0.1256900000D+02  0.3033071410D+00
     3       0.4244220000D+01  0.7686832084D+00
   D   1
     1       0.1443300000D+01  0.1000000000D+01
   D   1
     1       0.4499650000D+00  0.1000000000D+01
   D   1
     1       0.1219000000D+00  0.1000000000D+01
   F   1
     1       0.1170000000D+01  0.1000000000D+01

 $end
! Basis 6-311+G(d) for Ni from GAUSSIAN09
 $basNi
   S   6
     1       0.2848780000D+06  0.6455218191D-03
     2       0.4199790000D+05  0.4962448985D-02
     3       0.9627670000D+04  0.2529638629D-01
     4       0.2761960000D+04  0.9937001503D-01
     5       0.9204880000D+03  0.3015797249D+00
     6       0.3418050000D+03  0.6584322555D+00
   S   1
     1       0.1380230000D+03  0.1000000000D+01
   S   1
     1       0.5925870000D+02  0.1000000000D+01
   S   1
     1       0.2037120000D+02  0.1000000000D+01
   S   1
     1       0.8594000000D+01  0.1000000000D+01
   S   1
     1       0.2394170000D+01  0.1000000000D+01
   S   1
     1       0.9181690000D+00  0.1000000000D+01
   S   1
     1       0.1301760000D+00  0.1000000000D+01
   S   1
     1       0.4639200000D-01  0.1000000000D+01
   S   1
     1       0.1391800000D-01  0.1000000000D+01
   P   5
     1       0.1774180000D+04  0.3917791241D-02
     2       0.4234030000D+03  0.3103687502D-01
     3       0.1383110000D+03  0.1381984260D+00
     4       0.5317030000D+02  0.3748595782D+00
     5       0.2238740000D+02  0.5775222709D+00
   P   1
     1       0.9928480000D+01  0.1000000000D+01
   P   1
     1       0.4116250000D+01  0.1000000000D+01
   P   1
     1       0.1710310000D+01  0.1000000000D+01
   P   1
     1       0.6725280000D+00  0.1000000000D+01
   P   1
     1       0.1465880000D+00  0.1000000000D+01
   P   1
     1       0.4444700000D-01  0.1000000000D+01
   D   3
     1       0.4894030000D+02  0.5686410061D-01
     2       0.1371690000D+02  0.3067635406D+00
     3       0.4639510000D+01  0.7652907672D+00
   D   1
     1       0.1574330000D+01  0.1000000000D+01
   D   1
     1       0.4864090000D+00  0.1000000000D+01
   D   1
     1       0.1316000000D+00  0.1000000000D+01
   F   1
     1       0.1290000000D+01  0.1000000000D+01

 $end
! Basis 6-311+G(d) for Cu from GAUSSIAN09
 $basCu
   S   6
     1       0.3372000000D+06  0.5986907519D-03
     2       0.5007290000D+05  0.4639853327D-02
     3       0.1137340000D+05  0.2399039370D-01
     4       0.3239820000D+04  0.9540564768D-01
     5       0.1071970000D+04  0.2958387587D+00
     6       0.3950990000D+03  0.6682885518D+00
   S   1
     1       0.1583990000D+03  0.1000000000D+01
   S   1
     1       0.6735910000D+02  0.1000000000D+01
   S   1
     1       0.2229830000D+02  0.1000000000D+01
   S   1
     1       0.9393570000D+01  0.1000000000D+01
   S   1
     1       0.2578480000D+01  0.1000000000D+01
   S   1
     1       0.9640800000D+00  0.1000000000D+01
   S   1
     1       0.1133030000D+00  0.1000000000D+01
   S   1
     1       0.4079100000D-01  0.1000000000D+01
   S   1
     1       0.1223700000D-01  0.1000000000D+01
   P   5
     1       0.2245290000D+04  0.3179198104D-02
     2       0.5321060000D+03  0.2589780402D-01
     3       0.1721950000D+03  0.1216254283D+00
     4       0.6532390000D+02  0.3580114679D+00
     5       0.2705510000D+02  0.6107858516D+00
   P   1
     1       0.1174350000D+02  0.1000000000D+01
   P   1
     1       0.4693820000D+01  0.1000000000D+01
   P   1
     1       0.1906670000D+01  0.1000000000D+01
   P   1
     1       0.7114450000D+00  0.1000000000D+01
   P   1
     1       0.1550650000D+00  0.1000000000D+01
   P   1
     1       0.4619900000D-01  0.1000000000D+01
   D   3
     1       0.5364780000D+02  0.5683578684D-01
     2       0.1507470000D+02  0.3080428785D+00
     3       0.5103920000D+01  0.7640422112D+00
   D   1
     1       0.1727430000D+01  0.1000000000D+01
   D   1
     1       0.5283220000D+00  0.1000000000D+01
   D   1
     1       0.1491000000D+00  0.1000000000D+01
   F   1
     1       0.1440000000D+01  0.1000000000D+01

 $end
! Basis 6-311+G(d) for Zn from GAUSSIAN09
 $basZn
   S   6
     1       0.3163360000D+06  0.6494033039D-03
     2       0.4856100000D+05  0.4911112485D-02
     3       0.1115740000D+05  0.2518467188D-01
     4       0.3205010000D+04  0.9870930219D-01
     5       0.1068580000D+04  0.3004910850D+00
     6       0.3963940000D+03  0.6600778707D+00
   S   1
     1       0.1598060000D+03  0.1000000000D+01
   S   1
     1       0.6858900000D+02  0.1000000000D+01
   S   1
     1       0.2370810000D+02  0.1000000000D+01
   S   1
     1       0.1003720000D+02  0.1000000000D+01
   S   1
     1       0.2810430000D+01  0.1000000000D+01
   S   1
     1       0.1069640000D+01  0.1000000000D+01
   S   1
     1       0.1469510000D+00  0.1000000000D+01
   S   1
     1       0.5114200000D-01  0.1000000000D+01
   S   1
     1       0.1534300000D-01  0.1000000000D+01
   P   5
     1       0.2213180000D+04  0.3573790107D-02
     2       0.5270500000D+03  0.2852211875D-01
     3       0.1722930000D+03  0.1295976328D+00
     4       0.6608140000D+02  0.3663134859D+00
     5       0.2768630000D+02  0.5939311787D+00
   P   1
     1       0.1218410000D+02  0.1000000000D+01
   P   1
     1       0.4987960000D+01  0.1000000000D+01
   P   1
     1       0.2057910000D+01  0.1000000000D+01
   P   1
     1       0.7986090000D+00  0.1000000000D+01
   P   1
     1       0.1624550000D+00  0.1000000000D+01
   P   1
     1       0.4776900000D-01  0.1000000000D+01
   D   3
     1       0.5840840000D+02  0.5696697377D-01
     2       0.1644920000D+02  0.3095914479D+00
     3       0.5575700000D+01  0.7624985047D+00
   D   1
     1       0.1884410000D+01  0.1000000000D+01
   D   1
     1       0.5723050000D+00  0.1000000000D+01
   D   1
     1       0.1620000000D+00  0.1000000000D+01
   F   1
     1       0.1620000000D+01  0.1000000000D+01

 $end


